0.0659
0.0597
0.0505
0.0413
0.0365
0.0299
0.0175
0.0077
-0.0017
-0.0103
-0.0126
-0.0193
-0.0279
-0.0252
-0.0159
-0.0068
-0.0016
0.0051
0.0116
0.0201
0.0349
0.0429
0.0478
0.0546
0.0666
0.0670
0.0556
0.0471
0.0392
0.0320
0.0277
0.0201
0.0098
-0.0002
-0.0043
-0.0121
-0.0232
-0.0309
-0.0271
-0.0191
-0.0063
0.0047
0.0096
0.0154
0.0291
0.0354
0.0384
0.0454
0.0533
0.0604
0.0645
0.0573
0.0467
0.0382
0.0335
0.0256
0.0144
0.0047
-0.0025
-0.0075
-0.0112
-0.0172
-0.0258
-0.0227
-0.0116
-0.0044
-0.0012
0.0057
0.0134
0.0208
0.0359
0.0415
0.0457
0.0523
0.0632
0.0628
0.0540
0.0463
0.0382
0.0314
0.0286
0.0209
0.0093
0.0020
-0.0024
-0.0099
-0.0222
-0.0304
-0.0265
-0.0166
-0.0038
0.0031
0.0061
0.0138
0.0227
0.0327
0.0386
0.0440
0.0509
0.0615
