-0.0296
-0.0324
-0.0317
-0.0317
0.0444
0.0722
0.0722
0.0699
0.0698
0.0729
0.0715
0.0683
0.0669
0.0657
0.0655
0.0703
0.0023
-0.0294
-0.0319
-0.0315
-0.0277
-0.0311
-0.0350
-0.0342
-0.0322
-0.0274
-0.0250
-0.0266
-0.0281
0.0464
0.0720
0.0680
0.0656
0.0661
0.0668
0.0716
0.0715
0.0682
0.0666
0.0683
0.0665
-0.0022
-0.0312
-0.0345
-0.0310
-0.0272
-0.0273
-0.0269
-0.0289
-0.0268
-0.0256
-0.0298
-0.0324
-0.0316
0.0412
0.0707
0.0710
0.0657
0.0658
0.0684
0.0677
0.0654
0.0638
0.0634
0.0661
0.0696
0.0030
-0.0259
-0.0292
-0.0269
-0.0256
-0.0287
-0.0305
-0.0316
-0.0315
-0.0275
-0.0259
-0.0290
-0.0309
0.0447
0.0709
0.0687
0.0676
0.0651
0.0668
0.0731
0.0721
0.0703
0.0703
0.0727
0.0732
-0.0004
-0.0315
-0.0330
-0.0315
-0.0278
-0.0277
-0.0323
-0.0316
-0.0292
